1000 0 2 95 50 151 163 276 542 22 623 343 828 110 302 676 650 94 80 731 93 1141 857
1001 0 1 11 172 178 240 166 528 361
1002 1 3 30 36 145 291 416 240 135 467 819 944 591 177 468 507 1342 769 112 905 415
1003 1 2 81 200 259 58 359 278 125
1004 1 3 87 28 267 57 434 246 166 530 301 948
1005 1 1 84 9 171 230 144 287 583 83 372 771
1006 1 1 69 100 266 251 54 475 9 774 302 20 1039
1007 1 3 68 42 133 196 379 446 286 385 428 609 726 570 1064
1008 0 2 37 32 30 159 439 531 660 494 744 214
1009 0 1 89 188 280 27 331 235 610 747 99 612 194 702 864 1154 287 1251 753
1010 0 2 36 171 254 105
1011 1 3 8 136 78 130 280 588 307
1012 0 3 84 138 246 359 314 398 3 775 634 436 399 174 538 188 220 1196
1013 0 3 91 113 47
1014 0 3 36 97 291 189 211 262 568
1015 0 3 13 106
1016 0 1 45 84 159 30 214 321 67 114 462 80 28 586 477 70 822
1017 1 2 31 0 200 378 372 375 592 187 578 925 638 790 449 944 1347 1230 881 905 28 133
1018 1 2 79 190 156 316 111 232 596 659 218 51 1082 240 1177 230
1019 0 1 0
1020 0 2 39 133 55 327 419 242 101 451 48 723 889 425 537 166 1336 162 8 1008 1359 1287
1021 1 2 86 13 104 386 332 18 173 594 633
1022 0 2 63 137 56
1023 0 3 16
1024 0 1 93 192 256 87 448 417 470 760 862 493 943 793 206 131 1483 913 1435
1025 1 2 11 114 208 163 198 323 94 129 309 38 642 258 427 1000 974 267 951
1026 1 3 5 109
1027 0 3 62 42 219
1028 0 1 82
1029 1 1 92 6 225 391 411 281 12 0 306 40 30 788 127 989 1395 1022 234 1162 519 1810
1030 0 1 67 149 255 114 285 587 524 182 240 171 343 490 3 1018 143 11
1031 0 3 27 76 76 164 364 395 225 529 105 349 327 617 681 26 1446 1211
1032 1 3 45 77 53 217 188 71 529 182 612 546 466 470 388 1098 882 313 567 516
1033 0 3 19 137 76 339 427 135 402 780 66 912 121
1034 1 3 0 184 157
1035 1 2 58 2 123 301 85 75
1036 1 3 74 185 168 70 321 206 392 267 314 849
1037 1 1 80 182 202 186 277 555 172 86 762 427 202 1176 701 20 960 1210 1378 1208 1837
1038 0 2 96 28 240 109 267 593 344 179 358 496 73 1072
1039 0 1 100 6 300 7 338 501 450
1040 1 1 93 43 208 395 358 570 371 547 47 49 120 401 103 1029 1258 210 1391 668
1041 1 1 85 170 217 271 271 459 73 8 229 592 347 813 292 1119 963 443 441 1055 830 842
1042 0 2 0 93 194 296 4 220 333 621 49 174 460 224 256 388 1028 1559 242 1771
1043 0 2 92 198 37 335 113 475 433 585 826 160 863 134
1044 1 3 87 156 92 313 113 560 382
1045 0 3 39 32 255 208 90 581 504 592 446 374 302 494
1046 1 2 4 70 183 336 496 549 684 174 855 50 591 1040 746 455 1168 1139
1047 0 1 67 38 212 155 471 470 212 22 251 604 583 910 212 139 313
1048 0 2 16 78 228 39 304 278 678 37 237 947 167 202 513 1020 1365 221 1169
1049 0 1 57 159 100 367 383 64 446 533 614 424 938 672 291 489 929
1050 0 1 75 166 80 346 182 432 460 352 432 265 523 516 1244 201
1051 0 3 42 60 154 153 44 117 583 241 412 791 956 207
1052 1 3 73 170 48 299 430 486 96 242 430 678 352 68 668 1120 566 121 1594
1053 1 2 28 161 100 287 297 109 212 474 240 227 329 1044 1203 155
1054 1 1 22 145 201 8 459 399 636 234 432 70
1055 0 1 50 161 71 71
1056 1 3 74 116
1057 1 1 64 50 116 320 364 307 663 291 722 966 791
1058 0 2 17 14 191 369 321 279 110 161 723
1059 0 3 49 87 298 328 33 49 317 289 812 850 452 890 641 736 465 648 983 1444 416
1060 0 2 88 55 134 302 323 341 253 226 880 679
1061 0 2 1 48 230 180 197 384 427 394 436 125 26 1044 655 379 633
