1000 0 1 16 58 98 43 240 196 211 738 603 409 656 264 179 1375 399
1001 1 3 3 164 246 337 239 270 18 721 785 793 867 692 368 84 1104 1510 79 434 1259
1002 1 2 8 70 159 298 398 71 258
1003 0 1 89 99 190 275 142
1004 1 3 23 147 200 363 235 406
1005 0 1 20 28 192 347 134 329 679 120 868 905 644 661 1093 875 1076 1452 514 1629 418
1006 0 1 92 186
1007 1 3 66 164 179 222 92
1008 0 2 36 79 127 68 162 428 473 31 258 740 173 1190
1009 1 1 0 192 235 397 331 503 83 1 234 25
1010 0 1 64 43 140 342 330 394 119 638 697 37 770 966 915 955 1152 1052 1574 524 1643 1404
1011 1 1 88 90 2 30 200 379 367 590 735 492 70 1124 494 963 459 962
1012 0 1 60 5 24
1013 1 2 44 28 116 54 410 562 639 240 345 961 922 928 196 1107
1014 1 2 63 128 27 259 452 314 688 230 473 917 65 820 1159 726 303 799 1520 288 1797 1429
1015 0 1 65
1016 1 1 76 116 61 18 277 573 82
1017 0 2 81 73 271
1018 0 1 98 47 205 66 268 31 353 561 719 952 338 1012 510 487 460 190
1019 0 2 18 168 255 123 472 464 405 779 615 101 199
1020 1 2 14 173 115 296 369 169 129 401 373 949 27 420
1021 1 3 78 18 298 78 241 422 231 569 876 467 523 639 647 115
1022 0 2 39 112 127 339 191 539 399 704 688 971 344 1129 689
1023 0 3 99 184 88 222 302 297 260 599 236 725 311 694 1052 457 1198 934 1472
1024 1 3 36 29 29 162 184 432
1025 1 3 93 14 243 98 438 93 5 386 341 240 762 725 164 1392 939
1026 1 1 71 135 41 115 198 361 37 90 11 534
1027 0 3 34
1028 0 3 51 130 251 253 227 563 489 57 577 934 403 134 506 676 210 533 105 68 417 131
1029 0 2 55 34 120 331 423 457 556 624 287 307 400 831 443
1030 1 1 34 42 115 273 27 52 566 138 251 357 191 1173 394 1281 998
1031 0 3 73 12 28 334 344 348 365 471 872 515 12 873 508
1032 1 3 21 18 141
1033 0 3 29 162 85 143 332 347 640 649 3 145 1095 315 1017 1223 774 938 1381
1034 0 1 29 106 206 35
1035 1 3 58
1036 0 2 3 22 46 187 396 450 621 70 778 525 566 1 590 47 520 647
1037 1 1 43 63 76 170 489 80 231 697 781 619 815 790 189 1387 899
1038 1 3 3 39 198 182 448 560 462 524 523 139
1039 0 2 11 42 89
1040 1 3 26 62 96 108 270 193 328 654 238
1041 1 2 36 168 29 369 83 71 435 270 861 53 187 491 1056 207 1013 1491
1042 0 1 7 48 71 359 362 416 495 589 155 287 687 62 1097 743 33
1043 1 3 48 135 176 128 92 148 354 521 332
1044 0 2 10 50 295 166 151 68 231 755 661 525 244 467 998 527
1045 0 2 18 57 196 331 94 574 262 528 58 977 247 697 697 915 210 244 1343 475 743 1038
1046 0 3 31 184 132 172 35 150 449 222 224 148 407 1080 932 1139 418 1293 1053 1316 1772
1047 0 1 97 39 278 231 383 140 398 549 658 693 689 413 882 819 365 162 61
1048 0 2 8 40 29 268 154
1049 0 1 61 74 74 393 33 571 636 236 448 498 720 833
1050 1 1 97 181 95 324 368 284 349 795 705 88 360 326 223 1342 751
1051 0 1 61 69 60 72 204 163 258 320 279 543 826 827 387
1052 1 3 32 193 95 205 35 515 237 550 893 393 1059 940 1057 1146
1053 0 2 34 29 56 321 216 203 536 544 823 283 982 450 1060 1003 1463 201
1054 0 1 25 51 275 147 294 370 429 537 14 777 182 263 723 176 281 1192
1055 0 1 41 169 154 256 183 181 264
1056 0 1 57 8 155 222 267
1057 0 1 11
1058 1 2 71 28 60 143
1059 1 2 68 131 103 164 293 276 536 370 368
